wavelength, Reflectance (percentage)
3.001,2.698
3.003,2.81
3.004,2.83
3.006,2.859
3.008,2.811
3.01,2.79
3.011,2.797
3.013,2.837
3.015,2.843
3.017,2.898
3.018,2.849
3.02,2.812
3.022,2.766
3.024,2.75
3.025,2.793
3.027,2.846
3.029,2.79
3.031,2.832
3.032,2.872
3.034,2.874
3.036,2.846
3.038,2.828
3.04,2.76
3.041,2.776
3.043,2.763
3.045,2.816
3.047,2.798
3.048,2.807
3.05,2.812
3.052,2.861
3.054,2.8
3.056,2.763
3.057,2.749
3.059,2.84
3.061,2.84
3.063,2.845
3.065,2.839
3.066,2.8514999999999997
3.068,2.814
3.07,2.786
3.072,2.796
3.074,2.828
3.076,2.803
3.077,2.795
3.079,2.749
3.081,2.801
3.083,2.817
3.085,2.85
3.087,2.833
3.088,2.842
3.09,2.808
3.092,2.826
3.094,2.782
3.096,2.788
3.098,2.815
3.099,2.8085
3.101,2.742
3.103,2.757
3.105,2.791
3.107,2.808
3.109,2.767
3.111,2.741
3.112,2.716
3.114,2.748
3.116,2.786
3.118,2.823
3.12,2.771
3.122,2.756
3.124,2.731
3.126,2.78
3.127,2.7809999999999997
3.129,2.802
3.131,2.807
3.133,2.825
3.135,2.761
3.137,2.789
3.139,2.781
3.141,2.784
3.143,2.769
3.145,2.786
3.146,2.758
3.148,2.765
3.15,2.799
3.152,2.814
3.154,2.744
3.156,2.75
3.158,2.768
3.16,2.784
3.162,2.769
3.164,2.804
3.166,2.824
3.168,2.813
3.17,2.741
3.171,2.741
3.173,2.721
3.175,2.755
3.177,2.758
3.179,2.747
3.181,2.744
3.183,2.791
3.185,2.733
3.187,2.761
3.189,2.767
3.191,2.771
3.193,2.783
3.195,2.775
3.197,2.758
3.199,2.813
3.201,2.794
3.203,2.739
3.205,2.698
3.207,2.749
3.209,2.734
3.211,2.726
3.213,2.693
3.215,2.756
3.217,2.778
3.219,2.763
3.221,2.722
3.223,2.723
3.225,2.698
3.227,2.689
3.229,2.691
3.231,2.701
3.233,2.67
3.235,2.704
3.237,2.696
3.239,2.715
3.241,2.747
3.243,2.737
3.245,2.701
3.247,2.766
3.249,2.737
3.251,2.713
3.253,2.708
3.255,2.745
3.257,2.714
3.259,2.688
3.261,2.627
3.263,2.647
3.265,2.67
3.267,2.747
3.269,2.748
3.272,2.691
3.274,2.618
3.276,2.623
3.278,2.646
3.28,2.685
3.282,2.674
3.284,2.687
3.286,2.677
3.288,2.664
3.29,2.615
3.292,2.661
3.294,2.656
3.296,2.6470000000000002
3.299,2.645
3.301,2.687
3.303,2.592
3.305,2.563
3.307,2.586
3.309,2.621
3.311,2.598
3.313,2.595
3.315,2.5855
3.318,2.595
3.32,2.581
3.322,2.591
3.324,2.599
3.326,2.596
3.328,2.56
3.33,2.553
3.333,2.515
3.335,2.527
3.337,2.51
3.339,2.518
3.341,2.509
3.343,2.498
3.345,2.493
3.348,2.486
3.35,2.466
3.352,2.476
3.354,2.439
3.356,2.441
3.358,2.411
3.361,2.381
3.363,2.321
3.365,2.332
3.367,2.34
3.369,2.344
3.372,2.32
3.374,2.36
3.376,2.366
3.378,2.372
3.38,2.333
3.383,2.327
3.385,2.295
3.387,2.263
3.389,2.228
3.391,2.217
3.394,2.165
3.396,2.2
3.398,2.211
3.4,2.212
3.402,2.194
3.405,2.23
3.407,2.276
3.409,2.367
3.411,2.496
3.414,2.709
3.416,2.88
3.418,3.091
3.42,3.426
3.423,3.908
3.425,4.476
3.427,5.098
3.429,5.2725
3.432,5.337
3.434,4.862
3.436,4.383
3.439,4.028
3.441,3.839
3.443,3.743
3.445,3.703
3.448,3.626
3.45,3.613
3.452,3.557
3.455,3.51
3.457,3.448
3.459,3.445
3.462,3.42
3.464,3.376
3.466,3.31
3.468,3.302
3.471,3.258
3.473,3.187
3.475,3.1550000000000002
3.478,3.079
3.48,2.971
3.482,2.9555
3.485,2.908
3.487,2.857
3.489,2.841
3.492,2.812
3.494,2.785
3.497,2.848
3.499,2.926
3.501,3.038
3.504,3.277
3.506,3.764
3.508,4.435
3.511,4.996
3.513,4.958
3.516,4.554
3.518,4.158
3.52,3.904
3.523,3.717
3.525,3.64
3.527,3.6165000000000003
3.53,3.571
3.532,3.497
3.535,3.45
3.537,3.4
3.54,3.36
3.542,3.324
3.544,3.318
3.547,3.285
3.549,3.303
3.552,3.267
3.554,3.248
3.557,3.216
3.559,3.217
3.561,3.23
3.564,3.218
3.566,3.192
3.569,3.197
3.571,3.164
3.574,3.172
3.576,3.151
3.579,3.172
3.581,3.179
3.584,3.176
3.586,3.132
3.589,3.113
3.591,3.099
3.593,3.092
3.596,3.079
3.598,3.0885
3.601,3.071
3.603,3.0825
3.606,3.059
3.608,3.039
3.611,3.029
3.614,3.057
3.616,3.027
3.619,3.035
3.621,3.017
3.624,3.009
3.626,3.016
3.629,3.037
3.631,3.036
3.634,3.055
3.636,3.04
3.639,3.024
3.641,2.994
3.644,3.008
3.647,3.032
3.649,3.046
3.652,3.037
3.654,3.025
3.657,3.005
3.659,3.037
3.662,3.018
3.665,2.999
3.667,3.01
3.67,3.054
3.672,3.034
3.675,2.998
3.678,2.978
3.68,3.008
3.683,3.001
3.685,3.01
3.688,3.014
3.691,3.015
3.693,3.014
3.696,3.017
3.699,3.024
3.701,3.035
3.704,3.009
3.706,3.0140000000000002
3.709,2.992
3.712,2.985
3.714,2.9645
3.717,2.925
3.72,2.936
3.722,2.955
3.725,2.958
3.728,2.961
3.73,2.9555
3.733,2.961
3.736,2.973
3.739,2.968
3.741,2.952
3.744,2.949
3.747,2.953
3.749,2.95
3.752,2.947
3.755,2.99
3.758,2.953
3.76,2.938
3.763,2.943
3.766,2.924
3.768,2.932
3.771,3.009
3.774,3.001
3.777,2.987
3.779,2.934
3.782,2.94
3.785,2.986
3.788,3.011
3.79,3.0025000000000004
3.793,2.979
3.796,2.948
3.799,2.939
3.802,2.974
3.804,2.993
3.807,2.958
3.81,2.966
3.813,2.96
3.816,2.944
3.818,2.936
3.821,2.95
3.824,2.945
3.827,2.952
3.83,2.947
3.833,2.971
3.835,2.98
3.838,2.998
3.841,2.963
3.844,2.938
3.847,2.925
3.85,2.936
3.852,2.958
3.855,2.979
3.858,2.992
3.861,2.97
3.864,2.948
3.867,2.972
3.87,2.966
3.873,2.982
3.875,2.9805
3.878,2.966
3.881,2.952
3.884,2.977
3.887,2.958
3.89,2.93
3.893,2.94
3.896,2.968
3.899,2.964
3.902,2.979
3.905,2.96
3.908,2.949
3.911,2.949
3.914,2.965
3.916,2.9699999999999998
3.919,2.966
3.922,2.948
3.925,2.957
3.928,2.957
3.931,2.965
3.934,2.951
3.937,2.955
3.94,2.971
3.943,2.983
3.946,2.965
3.949,2.972
3.952,2.966
3.955,2.971
3.958,2.947
3.961,2.951
3.964,2.955
3.967,2.955
3.97,2.963
3.973,2.9635
3.977,2.93
3.98,2.931
3.983,2.931
3.986,2.957
3.989,2.97
3.992,2.989
3.995,2.979
3.998,2.942
4.001,2.919
4.004,2.925
4.007,2.923
4.01,2.925
4.013,2.9234999999999998
4.017,2.947
4.02,2.951
4.023,2.95
4.026,2.952
4.029,2.976
4.032,3.001
4.035,2.994
4.038,2.9795
4.042,2.951
4.045,2.954
4.048,2.942
4.051,2.927
4.054,2.914
4.057,2.909
4.061,2.932
4.064,2.933
4.067,2.95
4.07,2.937
4.073,2.918
4.077,2.93
4.08,2.959
4.083,2.937
4.086,2.948
4.089,2.977
4.093,2.972
4.096,2.978
4.099,2.957
4.102,2.946
4.106,2.976
4.109,2.97
4.112,2.971
4.115,2.953
4.119,2.943
4.122,2.949
4.125,2.945
4.128,2.9515000000000002
4.132,2.967
4.135,2.952
4.138,2.923
4.142,2.893
4.145,2.932
4.148,2.94
4.152,2.941
4.155,2.953
4.158,2.944
4.162,2.943
4.165,2.935
4.168,2.896
4.172,2.892
4.175,2.913
4.178,2.943
4.182,2.947
4.185,2.935
4.189,2.911
4.192,2.903
4.195,2.904
4.199,2.876
4.202,2.882
4.206,2.921
4.209,2.914
4.212,2.929
4.216,2.939
4.219,2.98
4.223,2.966
4.226,2.956
4.23,3.003
4.233,3.015
4.236,2.88
4.24,2.849
4.243,2.932
4.247,2.982
4.25,2.956
4.254,2.964
4.257,2.995
4.261,3.0
4.264,3.004
4.268,3.05
4.271,3.021
4.275,2.972
4.278,2.955
4.282,2.947
4.285,2.937
4.289,2.938
4.293,2.934
4.296,2.97
4.3,2.998
4.303,2.948
4.307,2.941
4.31,2.93
4.314,2.927
4.318,2.933
4.321,2.892
4.325,2.828
4.328,2.827
4.332,2.857
4.336,2.917
4.339,2.915
4.343,2.867
4.347,2.843
4.35,2.833
4.354,2.821
4.357,2.8155
4.361,2.827
4.365,2.852
4.368,2.849
4.372,2.848
4.376,2.841
4.38,2.824
4.383,2.85
4.387,2.847
4.391,2.814
4.394,2.813
4.398,2.816
4.402,2.808
4.406,2.798
4.409,2.816
4.413,2.802
4.417,2.794
4.421,2.811
4.424,2.818
4.428,2.819
4.432,2.843
4.436,2.823
4.44,2.805
4.443,2.825
4.447,2.828
4.451,2.793
4.455,2.756
4.459,2.747
4.462,2.753
4.466,2.776
4.47,2.806
4.474,2.806
4.478,2.81
4.482,2.784
4.486,2.767
4.49,2.787
4.493,2.795
4.497,2.794
4.501,2.815
4.505,2.791
4.509,2.749
4.513,2.743
4.517,2.758
4.521,2.763
4.525,2.769
4.529,2.745
4.533,2.747
4.537,2.783
4.541,2.773
4.545,2.772
4.549,2.791
4.553,2.752
4.557,2.744
4.561,2.782
4.565,2.776
4.569,2.749
4.573,2.76
4.577,2.744
4.581,2.719
4.585,2.723
4.589,2.742
4.593,2.724
4.597,2.72
4.601,2.735
4.605,2.742
4.609,2.733
4.613,2.723
4.617,2.726
4.622,2.746
4.626,2.731
4.63,2.732
4.634,2.727
4.638,2.752
4.642,2.756
4.646,2.747
4.651,2.732
4.655,2.735
4.659,2.722
4.663,2.723
4.667,2.721
4.672,2.723
4.676,2.735
4.68,2.759
4.684,2.726
4.688,2.713
4.693,2.716
4.697,2.725
4.701,2.732
4.705,2.747
4.71,2.727
4.714,2.697
4.718,2.72
4.723,2.759
4.727,2.741
4.731,2.724
4.736,2.717
4.74,2.721
4.744,2.725
4.749,2.725
4.753,2.716
4.757,2.743
4.762,2.751
4.766,2.752
4.77,2.764
4.775,2.785
4.779,2.773
4.784,2.76
4.788,2.741
4.792,2.739
4.797,2.734
4.801,2.726
4.806,2.71
4.81,2.688
4.815,2.683
4.819,2.7
4.824,2.706
4.828,2.708
4.833,2.712
4.837,2.736
4.842,2.693
4.846,2.681
4.851,2.693
4.855,2.716
4.86,2.706
4.864,2.729
4.869,2.726
4.873,2.7279999999999998
4.878,2.733
4.883,2.719
4.887,2.672
4.892,2.679
4.896,2.6814999999999998
4.901,2.703
4.906,2.715
4.91,2.711
4.915,2.68
4.92,2.698
4.924,2.699
4.929,2.703
4.934,2.681
4.938,2.6775
4.943,2.682
4.948,2.685
4.953,2.682
4.957,2.719
4.962,2.704
4.967,2.673
4.972,2.657
4.976,2.681
4.981,2.684
4.986,2.718
4.991,2.708
4.996,2.684
5.0,2.675
5.005,2.691
5.01,2.711
5.015,2.713
5.02,2.709
5.025,2.708
5.029,2.6975
5.034,2.701
5.039,2.699
5.044,2.708
5.049,2.713
5.054,2.738
5.059,2.712
5.064,2.681
5.069,2.663
5.074,2.664
5.079,2.625
5.084,2.662
5.089,2.709
5.094,2.723
5.099,2.682
5.104,2.685
5.109,2.7
5.114,2.696
5.119,2.668
5.124,2.674
5.129,2.675
5.134,2.71
5.139,2.682
5.144,2.674
5.149,2.666
5.154,2.6725
5.16,2.686
5.165,2.712
5.17,2.708
5.175,2.706
5.18,2.674
5.185,2.699
5.191,2.694
5.196,2.718
5.201,2.694
5.206,2.664
5.211,2.635
5.217,2.668
5.222,2.696
5.227,2.7
5.232,2.6835
5.238,2.664
5.243,2.677
5.248,2.704
5.254,2.692
5.259,2.69
5.264,2.685
5.27,2.677
5.275,2.639
5.28,2.658
5.286,2.654
5.291,2.684
5.297,2.671
5.302,2.654
5.307,2.6405
5.313,2.621
5.318,2.595
5.324,2.633
5.329,2.611
5.335,2.612
5.34,2.619
5.346,2.628
5.351,2.624
5.357,2.634
5.362,2.626
5.368,2.645
5.373,2.6165000000000003
5.379,2.609
5.385,2.625
5.39,2.629
5.396,2.611
5.401,2.641
5.407,2.615
5.413,2.587
5.418,2.55
5.424,2.552
5.43,2.56
5.435,2.578
5.441,2.556
5.447,2.554
5.453,2.52
5.458,2.547
5.464,2.539
5.47,2.536
5.476,2.509
5.481,2.528
5.487,2.526
5.493,2.532
5.499,2.542
5.505,2.55
5.511,2.536
5.516,2.567
5.522,2.504
5.528,2.47
5.534,2.449
5.54,2.448
5.546,2.423
5.552,2.459
5.558,2.452
5.564,2.431
5.57,2.417
5.576,2.437
5.582,2.402
5.588,2.424
5.594,2.411
5.6,2.395
5.606,2.384
5.612,2.41
5.618,2.373
5.624,2.374
5.63,2.359
5.636,2.368
5.642,2.332
5.649,2.301
5.655,2.272
5.661,2.278
5.667,2.285
5.673,2.295
5.68,2.22
5.686,2.193
5.692,2.171
5.698,2.162
5.704,2.1355
5.711,2.106
5.717,2.072
5.723,2.069
5.73,2.054
5.736,2.051
5.742,1.994
5.749,1.999
5.755,2.072
5.762,2.193
5.768,2.226
5.774,2.339
5.781,2.454
5.787,2.572
5.794,2.613
5.8,2.685
5.807,2.678
5.813,2.671
5.82,2.675
5.826,2.703
5.833,2.676
5.839,2.725
5.846,2.753
5.853,2.813
5.859,2.803
5.866,2.859
5.872,2.8645
5.879,2.879
5.886,2.839
5.892,2.8594999999999997
5.899,2.845
5.906,2.82
5.913,2.799
5.919,2.796
5.926,2.751
5.933,2.797
5.94,2.786
5.947,2.793
5.953,2.747
5.96,2.749
5.967,2.709
5.974,2.713
5.981,2.696
5.988,2.713
5.995,2.679
6.002,2.695
6.009,2.641
6.016,2.676
6.023,2.694
6.03,2.685
6.037,2.643
6.044,2.651
6.051,2.634
6.058,2.654
6.065,2.591
6.072,2.63
6.079,2.608
6.086,2.573
6.093,2.507
6.1,2.5315000000000003
6.108,2.555
6.115,2.561
6.122,2.518
6.129,2.531
6.137,2.496
6.144,2.512
6.151,2.516
6.158,2.594
6.166,2.586
6.173,2.597
6.18,2.58
6.188,2.633
6.195,2.636
6.203,2.696
6.21,2.692
6.217,2.709
6.225,2.71
6.232,2.72
6.24,2.679
6.247,2.703
6.255,2.767
6.263,2.83
6.27,2.784
6.278,2.782
6.285,2.804
6.293,2.848
6.301,2.815
6.308,2.855
6.316,2.793
6.324,2.804
6.331,2.826
6.339,2.873
6.347,2.846
6.355,2.876
6.362,2.844
6.37,2.894
6.378,2.9
6.386,2.908
6.394,2.855
6.402,2.88
6.41,2.866
6.418,2.874
6.426,2.834
6.433,2.8625
6.441,2.887
6.449,2.8945
6.458,2.852
6.466,2.866
6.474,2.854
6.482,2.898
6.49,2.864
6.498,2.894
6.506,2.881
6.514,2.894
6.523,2.866
6.531,2.884
6.539,2.822
6.547,2.822
6.555,2.8175
6.564,2.856
6.572,2.805
6.58,2.803
6.589,2.778
6.597,2.827
6.606,2.845
6.614,2.928
6.622,2.918
6.631,2.919
6.639,2.874
6.648,2.878
6.656,2.8565
6.665,2.873
6.674,2.827
6.682,2.825
6.691,2.821
6.699,2.851
6.708,2.854
6.717,2.833
6.726,2.765
6.734,2.779
6.743,2.741
6.752,2.735
6.761,2.674
6.769,2.669
6.778,2.631
6.787,2.756
6.796,2.808
6.805,2.841
6.814,2.797
6.823,2.816
6.832,2.866
6.841,2.993
6.85,2.979
6.859,2.97
6.868,2.89
6.877,2.921
6.886,2.934
6.895,2.971
6.905,2.962
6.914,2.914
6.923,2.898
6.932,2.95
6.942,2.892
6.951,2.924
6.96,2.883
6.97,2.911
6.979,2.905
6.988,2.963
6.998,2.981
7.007,3.041
7.017,2.995
7.026,3.05
7.036,3.013
7.045,3.039
7.055,2.988
7.065,3.007
7.074,2.999
7.084,3.048
7.094,2.982
7.103,2.99
7.113,2.926
7.123,2.925
7.133,2.875
7.142,2.909
7.152,2.828
7.162,2.809
7.172,2.738
7.182,2.78
7.192,2.749
7.202,2.769
7.212,2.694
7.222,2.758
7.232,2.765
7.242,2.801
7.252,2.771
7.262,2.864
7.273,2.838
7.283,2.83
7.293,2.81
7.303,2.866
7.314,2.802
7.324,2.835
7.334,2.822
7.345,2.844
7.355,2.798
7.366,2.835
7.376,2.795
7.387,2.858
7.397,2.808
7.408,2.827
7.418,2.771
7.429,2.808
7.44,2.811
7.45,2.853
7.461,2.789
7.472,2.826
7.483,2.761
7.493,2.786
7.504,2.794
7.515,2.862
7.526,2.779
7.537,2.797
7.548,2.771
7.559,2.79
7.57,2.72
7.581,2.719
7.592,2.679
7.603,2.762
7.614,2.744
7.626,2.786
7.637,2.693
7.648,2.668
7.659,2.611
7.671,2.669
7.682,2.645
7.693,2.661
7.705,2.628
7.716,2.675
7.728,2.636
7.739,2.713
7.751,2.666
7.763,2.651
7.774,2.611
7.786,2.702
7.798,2.651
7.809,2.668
7.821,2.66
7.833,2.723
7.845,2.68
7.857,2.728
7.869,2.703
7.881,2.74
7.893,2.716
7.905,2.777
7.917,2.761
7.929,2.794
7.941,2.752
7.953,2.828
7.965,2.788
7.978,2.823
7.99,2.823
8.002,2.891
8.015,2.83
8.027,2.888
8.039,2.839
8.052,2.842
8.064,2.766
8.077,2.897
8.09,2.866
8.102,2.927
8.115,2.86
8.128,2.901
8.14,2.831
8.153,2.891
8.166,2.78
8.179,2.826
8.192,2.81
8.205,2.828
8.218,2.699
8.231,2.76
8.244,2.744
8.257,2.802
8.27,2.747
8.283,2.86
8.297,2.804
8.31,2.854
8.323,2.796
8.337,2.871
8.35,2.839
8.364,2.902
8.377,2.816
8.391,2.9
8.404,2.905
8.418,3.066
8.432,3.033
8.445,3.108
8.459,3.056
8.473,3.067
8.487,3.017
8.501,3.225
8.515,3.246
8.529,3.379
8.543,3.304
8.557,3.409
8.571,3.408
8.585,3.542
8.599,3.479
8.614,3.512
8.628,3.406
8.642,3.403
8.657,3.351
8.671,3.485
8.686,3.406
8.7,3.47
8.715,3.464
8.73,3.599
8.744,3.532
8.759,3.609
8.774,3.537
8.789,3.593
8.804,3.523
8.819,3.571
8.834,3.443
8.849,3.491
8.864,3.45
8.879,3.571
8.894,3.48
8.91,3.481
8.925,3.358
8.94,3.448
8.956,3.324
8.971,3.416
8.987,3.386
9.002,3.495
9.018,3.39
9.034,3.469
9.05,3.383
9.065,3.456
9.081,3.414
9.097,3.541
9.113,3.492
9.129,3.623
9.145,3.637
9.161,3.682
9.178,3.581
9.194,3.648
9.21,3.588
9.227,3.684
9.243,3.575
9.26,3.641
9.276,3.515
9.293,3.512
9.309,3.4595000000000002
9.326,3.467
9.343,3.354
9.36,3.502
9.377,3.439
9.394,3.494
9.411,3.314
9.428,3.283
9.445,3.205
9.462,3.291
9.48,3.149
9.497,3.17
9.514,3.094
9.532,3.055
9.55,2.916
9.567,2.96
9.585,2.856
9.603,2.911
9.62,2.818
9.638,2.929
9.656,2.777
9.674,2.836
9.692,2.712
9.71,2.7505
9.729,2.689
9.747,2.838
9.765,2.782
9.784,2.88
9.802,2.836
9.821,2.968
9.839,2.846
9.858,2.885
9.877,2.82
9.896,2.897
9.915,2.816
9.934,2.956
9.953,2.857
9.972,2.886
9.991,2.744
10.01,2.852
10.03,2.817
10.049,2.88
10.069,2.807
10.088,2.926
10.108,2.847
10.128,2.89
10.148,2.831
10.167,2.959
10.187,2.913
10.207,3.038
10.228,2.966
10.248,3.079
10.268,3.008
10.289,3.109
10.309,3.013
10.33,3.102
10.35,3.03
10.371,3.161
10.392,3.086
10.412,3.232
10.433,3.236
10.454,3.333
10.476,3.233
10.497,3.318
10.518,3.207
10.539,3.333
10.561,3.238
10.582,3.268
10.604,3.139
10.626,3.243
10.648,3.167
10.67,3.287
10.692,3.211
10.714,3.272
10.736,3.143
10.758,3.253
10.78,3.201
10.803,3.278
10.825,3.159
10.848,3.287
10.871,3.204
10.894,3.302
10.917,3.185
10.94,3.273
10.963,3.106
10.986,3.169
11.009,3.091
11.033,3.207
11.056,3.143
11.08,3.238
11.104,3.125
11.127,3.196
11.151,3.102
11.175,3.243
11.2,3.167
11.224,3.325
